0 0 0 0 0 0 0 0 0 0 0 0 0 0 0 0 0 0 0 0 0 0 0 0 0 0 0 0 0 0
0 0 0 0 0 0 0 0 0 0 0 0 0 0 0 0 0 0 0 0 0 0 0 0 0 0 0 10 10 0
0 0 0 0 0 0 0 0 0 0 0 0 0 0 0 0 0 0 0 0 0 0 0 0 0 0 0 10 10 0
0 0 0 0 0 0 0 0 0 0 0 0 0 0 0 0 0 0 0 0 0 0 0 0 0 0 0 10 10 0
0 0 0 0 0 0 0 0 0 0 0 0 0 0 0 0 0 0 0 0 0 0 0 0 0 0 0 10 10 0
0 0 0 0 0 0 0 0 0 0 0 0 0 0 0 0 0 0 0 0 0 0 0 0 0 0 0 10 10 0
0 0 0 0 0 0 0 0 0 0 0 0 0 0 0 0 0 0 0 10 10 10 10 0 10 10 0 10 10 0
0 0 0 0 0 0 0 0 0 0 0 0 0 0 0 0 0 10 101 10 10 10 10 10 10 10 0 10 10 0
0 0 0 0 0 0 0 0 0 0 0 0 0 0 0 10 10 0 0 10 10 10 10 10 10 10 0 10 10 0
0 0 0 0 0 0 0 0 0 0 0 0 0 10 10 10 10 10 10 0 0 0 0 0 0 0 0 01 10 0
0 0 0 0 0 0 0 0 0 0 0 0 0 10 10 10 0 0 0 0 0 0 0 0 0 0 0 0 0 0